    anchor_t: 3.4816
    anchors: 2.79851
    box: 0.02
    cls: 0.2196
    cls_pw: 0.93443
    copy_paste: 0.13279
    degrees: 0.0
    fl_gamma: 0.0
    fliplr: 0.65
    flipud: 0.0
    hsv_h: 0.01051
    hsv_s: 0.47859
    hsv_v: 0.53578
    iou_t: 0.2
    lr0: 0.00862
    lrf: 0.01335
    mixup: 0.27
    momentum: 0.86638
    mosaic: 0.78213
    obj: 0.79293
    obj_pw: 0.7397
    perspective: 0.0
    scale: 0.42822
    shear: 0.0
    translate: 0.22611
    warmup_bias_lr: 0.08659
warmup_epochs: 1.91172
warmup_momentum: 0.69001
weight_decay: 0.00043